4294967279,379
4294967278,567
4294967279,378
4294967278,566
4294967279,377
4294967279,376
4294967278,565
4294967278,564
4294967279,375
4294967279,374
4294967294,1058
46,5
46,4
46,3
46,2
46,1
46,0
4294967294,1151
4294967294,1150
4294967279,373
4294967279,372
45,6
45,5
45,4
45,3
45,2
45,1
45,0
4294967278,563
4294967278,562
4294967279,371
4294967278,561
4294967294,81
4294967279,370
4294967278,560
4294967278,559
44,5
4294967279,369
44,4
4294967278,558
44,3
44,2
44,1
44,0
4294967279,368
4294967278,557
43,4
43,3
43,2
43,1
43,0
4294967279,367
4294967279,366
42,5
42,4
42,3
42,2
42,1
42,0
41,6
41,5
41,4
41,3
41,2
41,1
41,0
40,5
40,4
40,3
40,2
40,1
40,0
4294967294,135
39,4
39,3
39,2
39,1
39,0
4294967279,365
38,5
38,4
38,3
38,2
38,1
38,0
4294967278,556
4294967279,364
37,4
37,3
37,2
37,1
37,0
36,4
36,3
36,2
36,1
36,0
4294967279,363
35,6
4294967278,555
4294967279,362
4294967279,361
35,5
35,4
35,3
35,2
35,1
35,0
4294967278,554
34,4
34,3
34,2
34,1
34,0
33,5
33,4
33,3
33,2
33,1
33,0
4294967278,553
4294967279,360
4294967279,359
4294967278,552
4294967278,551
4294967279,358
4294967278,550
4294967279,357
4294967278,549
4294967279,356
4294967279,355
4294967278,548
4294967279,354
4294967278,547
4294967294,133
4294967278,546
4294967278,545
4294967278,544
32,5
32,4
4294967279,353
32,3
32,2
32,1
32,0
4294967279,352
4294967278,543
4294967279,351
4294967278,542
4294967278,541
31,5
4294967278,540
4294967279,350
4294967278,539
4294967278,538
31,4
4294967279,349
31,3
31,2
31,1
31,0
4294967279,348
4294967278,537
4294967279,347
4294967279,346
4294967278,536
4294967278,535
4294967278,534
4294967279,345
4294967279,344
4294967279,343
4294967278,533
4294967279,342
4294967279,341
30,6
30,5
30,4
30,3
30,2
30,1
30,0
4294967278,532
4294967279,340
29,5
29,4
29,3
29,2
29,1
29,0
28,4
28,3
28,2
28,1
28,0
4294967279,339
4294967279,338
4294967278,531
27,5
27,4
27,3
27,2
27,1
27,0
4294967279,337
4294967278,530
26,6
4294967278,529
26,5
26,4
26,3
26,2
26,1
26,0
4294967279,336
4294967278,528
4294967279,335
4294967279,334
25,5
25,4
25,3
25,2
25,1
25,0
4294967278,527
24,4
24,3
24,2
24,1
24,0
4294967278,526
4294967294,132
4294967278,525
4294967279,333
4294967279,332
23,5
23,4
23,3
23,2
23,1
23,0
4294967278,524
4294967278,523
22,4
22,3
22,2
22,1
22,0
4294967279,331
4294967294,470
21,4
21,3
21,2
21,1
21,0
4294967279,330
4294967279,329
4294967279,328
20,6
4294967278,522
4294967278,521
20,5
20,4
20,3
20,2
20,1
20,0
4294967279,327
19,4
19,3
19,2
19,1
19,0
4294967279,326
4294967279,325
4294967278,520
4294967278,519
18,5
18,4
18,3
18,2
18,1
18,0
4294967278,518
4294967279,324
4294967278,517
4294967279,323
4294967279,322
4294967278,516
4294967278,515
4294967279,321
4294967294,129
4294967278,514
4294967279,320
4294967278,513
4294967279,319
4294967279,318
4294967278,512
4294967279,317
4294967279,316
4294967278,319
4294967278,318
4294967279,315
4294967278,317
4294967279,314
4294967279,313
4294967278,316
4294967278,315
4294967279,312
4294967279,311
4294967278,314
4294967278,313
4294967279,310
4294967278,312
4294967279,309
4294967293,131
4294967293,130
4294967293,129
4294967293,128
4294967293,127
4294967293,126
4294967293,125
4294967293,124
4294967293,123
4294967293,122
4294967293,121
4294967293,120
4294967293,119
4294967293,118
4294967293,117
4294967293,116
4294967293,115
4294967293,114
4294967293,113
4294967293,112
4294967293,111
4294967293,110
4294967293,109
4294967293,108
4294967293,107
4294967293,106
4294967293,105
4294967293,104
4294967293,103
4294967293,102
4294967293,101
4294967293,100
